9
[(0,0),(0,1)] add 11
[(0,2),(1,2)] add 15
[(0,3),(0,4)] add 9
[(0,5),(1,4),(1,5),(1,6)] add 19
[(0,6),(0,7),(0,8)] mult 20
[(1,0),(1,1)] mult 8
[(1,3),(2,3)] mult 45
[(1,7),(2,7)] sub 3
[(1,8),(2,8)] sub 5
[(2,0),(2,1)] div 3
[(2,2),(3,2)] sub 5
[(2,4),(2,5)] sub 3
[(2,6),(3,6)] sub 5
[(3,0),(3,1)] mult 56
[(3,3),(4,3)] sub 5
[(3,4),(4,4)] sub 1
[(3,5),(4,5)] add 11
[(3,7),(3,8),(4,8)] add 15
[(4,0),(4,1),(5,1)] mult 140
[(4,2),(5,2)] add 5
[(4,6),(5,6)] mult 27
[(4,7),(5,7)] mult 6
[(5,0),(6,0)] div 2
[(5,3),(6,3)] mult 56
[(5,4),(6,4)] div 2
[(5,5),(6,5)] mult 40
[(5,8),(6,8)] div 2
[(6,1),(6,2)] sub 1
[(6,6),(7,6)] sub 3
[(6,7),(7,7)] sub 1
[(7,0),(8,0)] div 2
[(7,1),(8,1)] add 14
[(7,2),(7,3)] mult 24
[(7,4),(7,5)] div 3
[(7,8),(8,8)] mult 54
[(8,2),(8,3)] div 2
[(8,4),(8,5)] add 8
[(8,6),(8,7)] add 15