9
[(0,0),(1,0)] sub 2
[(0,1),(0,2)] mult 56
[(0,3),(1,3)] mult 12
[(0,4),(0,5),(0,6)] add 12
[(0,7),(0,8),(1,8)] add 12
[(1,1),(2,1)] div 2
[(1,2),(2,2)] div 3
[(1,4),(1,5)] sub 2
[(1,7),(2,7)] add 13
[(2,0),(3,0)] sub 1
[(3,1),(3,2)] add 12
[(2,3),(3,3)] mult 7
[(2,4),(3,4)] sub 4
[(1,6),(2,5),(2,6),(3,5),(3,6),(4,6)] add 25
[(3,7),(4,7)] div 3
[(2,8),(3,8)] mult 56
[(4,0),(5,0)] div 2
[(4,1),(5,1)] add 6
[(4,2),(4,3)] mult 48
[(4,4),(4,5)] sub 2
[(4,8),(5,8)] add 9
[(5,2),(6,2)] sub 7
[(5,3),(6,3)] sub 4
[(5,4),(5,5)] div 3
[(5,6),(5,7)] sub 1
[(6,0),(6,1)] div 2
[(6,4),(6,5)] div 2
[(6,6),(7,6),(7,7)] add 17
[(6,7),(6,8),(7,8),(8,8)] mult 54
[(7,0),(7,1),(8,0),(8,1)] mult 1944
[(7,2),(7,3),(8,2),(8,3)] mult 420
[(7,4),(7,5)] mult 21
[(8,4),(8,5)] div 4
[(8,6),(8,7)] sub 3