9
[(0,0),(1,0)] div 2
[(0,1),(1,1)] sub 1
[(0,2),(1,2)] div 3
[(0,3),(1,3)] mult 56
[(0,4),(0,5)] sub 4
[(0,6),(1,6)] add 11
[(0,7),(0,8)] div 2
[(1,4),(2,4)] sub 2
[(1,5),(2,5)] mult 72
[(1,7),(2,7),(3,7)] add 17
[(1,8),(2,8)] div 3
[(2,0),(2,1)] sub 7
[(2,2),(2,3)] mult 24
[(2,6),(3,6)] div 2
[(3,0),(4,0)] add 14
[(3,1),(4,1)] mult 12
[(3,2),(3,3)] add 11
[(3,4),(3,5)] add 9
[(3,8),(4,8)] mult 54
[(4,2),(5,1),(5,2)] mult 90
[(4,3),(4,4)] add 11
[(4,5),(5,5)] div 3
[(4,6),(4,7),(5,7)] mult 320
[(5,0),(6,0),(6,1)] add 15
[(5,3),(5,4),(6,4)] mult 16
[(5,6),(6,6)] sub 5
[(5,8),(6,8)] add 9
[(6,2),(6,3)] mult 7
[(6,5),(7,5)] div 3
[(6,7),(7,6),(7,7),(7,8)] mult 45
[(7,0),(8,0)] sub 4
[(7,1),(7,2)] sub 2
[(7,3),(7,4)] add 13
[(8,1),(8,2)] div 2
[(8,3),(8,4)] sub 1
[(8,5),(8,6)] sub 3
[(8,7),(8,8)] sub 1